10,289
10,187
10,149
10,127
10,233
10,291
10,77
10,199
11,28
8,10
8,7
51,4
51,3
51,2
51,1
51,0
50,3
50,2
50,1
50,0
49,3
49,2
49,1
49,0
48,3
48,2
48,1
48,0
47,3
47,2
47,1
47,0
46,3
46,2
46,1
46,0
45,3
45,2
45,1
45,0
44,3
44,2
44,1
44,0
43,3
43,2
43,1
43,0
37,4
37,3
37,2
37,1
37,0
20,3
20,2
20,1
19,3
19,2
19,1
18,3
18,1
14,3
14,1
13,3
13,1
12,3
12,2
12,1
11,26
11,24
11,23
11,22
11,21
11,20
11,18
11,17
11,14
11,12
11,10
11,9
11,8
11,6
11,5
11,4
11,3
11,2
11,1
10,295
10,277
10,265
10,228
10,221
10,203
10,193
10,143
10,103
10,1
10,99
10,3
10,2
9,7
9,1
9,5
